year 	 age 	 N  	 Z 	 StockWts 	 M 	 F 	 CalcCno 	 CatchWts 	 SSBwts 	 StockSexmat 	CatchSexmat	 ObsCno 	CalcSurveyNr	CalcSurveyNr2 	ObsSurveyNr	SurveyDiff	ObsSurveyNr2	SurveyDiff2
1979	1	45667.8	0.2	37	0.2	-1	-1	-1	-1	-1	-1	-1	21.2418	71.3494	-1	-1	-1	-1
1979	2	80923.3	0.202037	185	0.2	0.00203697	149.254	620	185	0.08	-1	149	94.1764	157.532	-1	-1	-1	-1
1979	3	117296	0.218141	481	0.2	0.0181409	1911.76	960	481	0.301	-1	1908	178.853	210.76	-1	-1	-1	-1
1979	4	27734.4	0.362413	910	0.2	0.162413	3778.47	1410	910	0.539	-1	3762	41.1225	40.3736	-1	-1	-1	-1
1979	5	19565.5	0.618755	1409	0.2	0.418755	6109.35	2030	1409	0.722	-1	6057	26.9344	21.754	-1	-1	-1	-1
1979	6	20435.8	0.869256	1968	0.2	0.669256	9137.26	2910	1968	0.821	-1	9022	25.0973	18.5669	-1	-1	-1	-1
1979	7	3407.6	1.0331	2496	0.2	0.833097	1769.92	3800	2496	0.868	-1	1743	3.83221	2.41864	-1	-1	-1	-1
1979	8	770.268	1.19004	3077	0.2	0.990036	445.873	4560	3077	0.904	-1	438	0.798546	0.417276	-1	-1	-1	-1
1979	9	145.769	0.752642	3300	0.2	0.552642	56.608	4720	3300	0.963	-1	56	0.145489	0.11205	-1	-1	-1	-1
1979	10	49.5542	0.2	4000	0.2	1.66533e-016	7.47956e-015	4000	4000	1	-1	0	0.0552393	-1	-1	-1	-1	-1
1979	11	93.1732	1.29136	5741	0.2	1.09136	57.0969	5741	5741	1	-1	56	0.0834956	-1	-1	-1	-1	-1
1979	12	88.114	1.41194	6171	0.2	1.21194	57.2033	6171	6171	1	-1	56	-1	-1	-1	-1	-1	-1
1979	13	12.214	0.2	4000	0.2	1.66533e-016	1.84355e-015	4000	4000	1	-1	0	-1	-1	-1	-1	-1	-1
1979	14	10	0.2	5213	0.2	0	0	5213	5213	1	-1	0	-1	-1	-1	-1	-1	-1
1980	1	12734.9	0.2	37	0.2	-1	-1	-1	-1	-1	-1	-1	5.92348	19.8965	-1	-1	-1	-1
1980	2	37389.6	0.217744	185	0.2	0.0177436	596.168	837	185	0.08	-1	595	43.3766	71.8768	-1	-1	-1	-1
1980	3	66119.6	0.223422	481	0.2	0.0234221	1387.85	831	481	0.301	-1	1385	100.713	118.305	-1	-1	-1	-1
1980	4	94307.1	0.344499	910	0.2	0.144499	11527.8	1306	910	0.539	-1	11481	140.334	139.267	-1	-1	-1	-1
1980	5	19303	0.482465	1409	0.2	0.282465	4325.41	2207	1409	0.722	-1	4298	27.3073	23.9345	-1	-1	-1	-1
1980	6	10538.3	0.708005	1968	0.2	0.508005	3836.44	2738	1968	0.821	-1	3798	13.3662	10.8928	-1	-1	-1	-1
1980	7	8567.98	0.856593	2496	0.2	0.656593	3778.9	3188	2496	0.868	-1	3732	9.98184	7.00366	-1	-1	-1	-1
1980	8	1212.77	0.884651	3077	0.2	0.684651	551.087	3843	3077	0.904	-1	544	1.33648	0.838808	-1	-1	-1	-1
1980	9	234.324	0.760708	3300	0.2	0.560708	92.0002	4506	3300	0.963	-1	91	0.233497	0.178962	-1	-1	-1	-1
1980	10	68.6748	0.923544	4615	0.2	0.723544	32.4372	4615	4615	1	-1	32	0.0662397	-1	-1	-1	-1	-1
1980	11	40.5716	0.2	4000	0.2	1.66533e-016	6.12375e-015	4000	4000	1	-1	0	0.0452261	-1	-1	-1	-1	-1
1980	12	25.6129	0.443021	7337	0.2	0.243021	5.02861	7337	7337	1	-1	5	-1	-1	-1	-1	-1	-1
1980	13	21.4708	0.2	4000	0.2	2.77556e-017	5.40122e-016	4000	4000	1	-1	0	-1	-1	-1	-1	-1	-1
1980	14	10	0.2	4000	0.2	0	0	4000	4000	1	-1	0	-1	-1	-1	-1	-1	-1
1981	1	52261	0.2	37	0.2	-1	-1	-1	-1	-1	-1	-1	24.3086	81.6504	-1	-1	-1	-1
1981	2	10426.4	0.201061	185	0.2	0.00106053	10.0169	584	185	0.08	-1	10	12.1364	20.3128	-1	-1	-1	-1
1981	3	30073.7	0.21907	481	0.2	0.0190696	515.021	693	481	0.301	-1	514	45.848	53.9971	-1	-1	-1	-1
1981	4	52880.9	0.308294	910	0.2	0.108294	4928.06	1081	910	0.539	-1	4911	79.2614	80.3862	-1	-1	-1	-1
1981	5	66823.7	0.527813	1409	0.2	0.327813	17020.5	1656	1409	0.722	-1	16900	93.6799	79.9054	-1	-1	-1	-1
1981	6	11915	1.01292	1968	0.2	0.812915	6089.7	2283	1968	0.821	-1	5999	14.2183	9.64999	-1	-1	-1	-1
1981	7	5191.42	1.11979	2496	0.2	0.919791	2872.59	3214	2496	0.868	-1	2825	5.73795	3.43786	-1	-1	-1	-1
1981	8	3638.02	0.993459	3077	0.2	0.793459	1829.69	3409	3077	0.904	-1	1803	3.92281	2.30645	-1	-1	-1	-1
1981	9	500.704	0.663331	3300	0.2	0.463331	169.576	4046	3300	0.963	-1	168	0.508749	0.413388	-1	-1	-1	-1
1981	10	109.508	0.769096	4898	0.2	0.569096	43.4785	4898	4898	1	-1	43	0.108938	-1	-1	-1	-1	-1
1981	11	27.2714	0.2	4000	0.2	2.77556e-017	6.86044e-016	4000	4000	1	-1	0	0.0304001	-1	-1	-1	-1	-1
1981	12	33.2172	0.826975	6376	0.2	0.626975	14.1691	6376	6376	1	-1	14	-1	-1	-1	-1	-1	-1
1981	13	16.4459	0.2	4000	0.2	2.77556e-017	4.13715e-016	4000	4000	1	-1	0	-1	-1	-1	-1	-1	-1
1981	14	17.5788	0.2	4000	0.2	0	0	4000	4000	1	-1	0	-1	-1	-1	-1	-1	-1
1982	1	35793.9	0.2	37	0.2	-1	-1	-1	-1	-1	-1	-1	16.6491	55.9229	-1	-1	-1	-1
1982	2	42787.7	0.202768	185	0.2	0.00276755	107.183	289	185	0.08	-1	107	49.7879	83.2454	-1	-1	-1	-1
1982	3	8527.4	0.232268	481	0.2	0.0322676	245.54	959	481	0.301	-1	245	12.9659	15.1501	-1	-1	-1	-1
1982	4	24157.1	0.35556	910	0.2	0.15556	3162.42	1455	910	0.539	-1	3149	35.8676	35.3595	-1	-1	-1	-1
1982	5	38851.6	0.569134	1409	0.2	0.369134	10935.8	1674	1409	0.722	-1	10851	54.0177	44.9467	-1	-1	-1	-1
1982	6	39418.9	0.700687	1968	0.2	0.500687	14189.5	2351	1968	0.821	-1	14049	50.0703	40.9843	-1	-1	-1	-1
1982	7	4327.02	0.951182	2496	0.2	0.751182	2097.19	3031	2496	0.868	-1	2068	4.94658	3.27923	-1	-1	-1	-1
1982	8	1694.21	1.25648	3077	0.2	1.05648	1019.03	3481	3077	0.904	-1	1000	1.73322	0.870287	-1	-1	-1	-1
1982	9	1347.14	1.10332	3300	0.2	0.903324	737.022	3874	3300	0.963	-1	725	1.25348	0.782202	-1	-1	-1	-1
1982	10	257.929	1.48782	3952	0.2	1.28782	172.831	3952	3952	1	-1	169	0.222233	-1	-1	-1	-1	-1
1982	11	50.7493	1.03518	4958	0.2	0.835179	26.4025	4958	4958	1	-1	26	0.0478691	-1	-1	-1	-1	-1
1982	12	22.3279	0.484336	5323	0.2	0.284336	5.03205	5323	5323	1	-1	5	-1	-1	-1	-1	-1	-1
1982	13	14.5282	0.2	4000	0.2	3.05311e-016	4.02021e-015	4000	4000	1	-1	0	-1	-1	-1	-1	-1	-1
1982	14	13.4648	0.274268	5213	0.2	0.074268	0.874589	5213	5213	1	-1	1	-1	-1	-1	-1	-1	-1
1983	1	25128.7	0.2	37	0.2	-1	-1	-1	-1	-1	-1	-1	11.6883	39.26	-1	-1	-1	-1
1983	2	29305.6	0.201283	185	0.2	0.00128303	34.0574	320	185	0.08	-1	34	34.1102	57.0831	-1	-1	-1	-1
1983	3	34934.8	0.232473	481	0.2	0.0324732	1012.23	1006	481	0.301	-1	1010	53.1163	62.0562	-1	-1	-1	-1
1983	4	6759.96	0.500811	910	0.2	0.300811	1599.62	1496	910	0.539	-1	1589	9.74956	8.80926	-1	-1	-1	-1
1983	5	16928.9	0.556734	1409	0.2	0.356734	4630.99	1921	1409	0.722	-1	4596	23.5956	19.7799	-1	-1	-1	-1
1983	6	21990.6	0.88325	1968	0.2	0.68325	9978.09	2371	1968	0.821	-1	9850	26.9312	19.7571	-1	-1	-1	-1
1983	7	19561.4	0.891912	2496	0.2	0.691912	8955.2	2873	2496	0.868	-1	8839	22.6289	15.5444	-1	-1	-1	-1
1983	8	1671.46	0.906192	3077	0.2	0.706192	776.249	3678	3077	0.904	-1	766	1.83404	1.1363	-1	-1	-1	-1
1983	9	482.263	0.843154	3300	0.2	0.643154	209.556	4265	3300	0.963	-1	207	0.472702	0.344813	-1	-1	-1	-1
1983	10	446.934	1.2508	4463	0.2	1.0508	267.982	4463	4463	1	-1	263	0.403775	-1	-1	-1	-1	-1
1983	11	58.2569	0.589347	5101	0.2	0.389347	17.1386	5101	5101	1	-1	17	0.0600754	-1	-1	-1	-1	-1
1983	12	18.0243	0.2	4000	0.2	2.77556e-017	4.53422e-016	4000	4000	1	-1	0	-1	-1	-1	-1	-1	-1
1983	13	13.7564	0.2	4000	0.2	3.05311e-016	3.80664e-015	4000	4000	1	-1	0	-1	-1	-1	-1	-1	-1
1983	14	11.8947	0.2	4000	0.2	0	0	4000	4000	1	-1	0	-1	-1	-1	-1	-1	-1
1984	1	52261	0.2	37	0.2	-1	-1	-1	-1	-1	-1	-1	24.3085	81.6503	-1	-1	-1	-1
1984	2	20573.7	0.213031	185	0.2	0.0130305	241.454	691	185	0.08	-1	241	23.8905	39.6997	-1	-1	-1	-1
1984	3	23962.6	0.25056	481	0.2	0.0505598	1071.68	1007	481	0.301	-1	1069	36.3022	41.9544	-1	-1	-1	-1
1984	4	27688.3	0.419922	910	0.2	0.219922	4972.39	1544	910	0.539	-1	4946	40.5848	38.4942	-1	-1	-1	-1
1984	5	4096.8	0.649031	1409	0.2	0.449031	1353.26	2120	1409	0.722	-1	1341	5.60573	4.44606	-1	-1	-1	-1
1984	6	9701.55	0.984411	1968	0.2	0.784411	4841.94	2514	1968	0.821	-1	4772	11.6432	8.03858	-1	-1	-1	-1
1984	7	9091.73	0.80673	2496	0.2	0.60673	3785.96	3027	2496	0.868	-1	3742	10.6982	7.73424	-1	-1	-1	-1
1984	8	8017.65	1.02518	3077	0.2	0.825183	4138.44	2940	3077	0.904	-1	4076	8.59061	4.95568	-1	-1	-1	-1
1984	9	675.37	0.693414	3300	0.2	0.493414	240.351	3906	3300	0.963	-1	238	0.682106	0.544336	-1	-1	-1	-1
1984	10	207.543	0.569401	3941	0.2	0.369401	58.4538	3941	3941	1	-1	58	0.214876	-1	-1	-1	-1	-1
1984	11	127.947	0.379267	4138	0.2	0.179267	19.0885	4138	4138	1	-1	19	0.137602	-1	-1	-1	-1	-1
1984	12	32.3145	0.308255	5155	0.2	0.108255	3.01042	5155	5155	1	-1	3	-1	-1	-1	-1	-1	-1
1984	13	14.757	0.2	4000	0.2	1.66533e-016	2.22738e-015	4000	4000	1	-1	0	-1	-1	-1	-1	-1	-1
1984	14	11.2628	0.2	4000	0.2	0	0	4000	4000	1	-1	0	-1	-1	-1	-1	-1	-1
1985	1	105653	0.2	36	0.2	-1	-1	-1	-1	-1	-1	-1	49.143	165.067	28.14	-0.556028	-1	-1
1985	2	42787.7	0.234689	244	0.2	0.0346893	1322.97	652	244	0.016	-1	1320	49.471	81.1463	32.68	-0.413588	-1	-1
1985	3	16626.2	0.322013	568	0.2	0.122013	1734.4	1125	568	0.144	-1	1728	24.8305	27.4923	18.33	-0.302113	-1	-1
1985	4	18651.7	0.51514	1187	0.2	0.31514	4593.58	1811	1187	0.536	-1	4562	26.8234	24.0289	23.58	-0.128365	-1	-1
1985	5	18193.9	0.732416	1673	0.2	0.532416	6867.52	2260	1673	0.577	-1	6796	24.4834	18.4708	26.39	0.0746973	-1	-1
1985	6	2140.79	0.782301	2371	0.2	0.582301	864.701	2924	2371	0.765	-1	855	2.67523	2.08513	3.7	0.314266	-1	-1
1985	7	3625.07	0.919057	2766	0.2	0.719057	1704.86	3547	2766	0.766	-1	1682	4.17084	2.81878	10.86	0.942443	-1	-1
1985	8	4057.78	0.936669	3197	0.2	0.736669	1940.56	3733	3197	0.961	-1	1914	4.42541	2.69214	4.8	0.0795267	-1	-1
1985	9	2876.18	1.51389	3331	0.2	1.31389	1946.91	4039	3331	0.934	-1	1903	2.46524	1.20248	5.54	0.787831	-1	-1
1985	10	337.595	1.38422	4564	0.2	1.18422	216.463	4564	4564	1	-1	212	0.296963	-1	0.49	0.396279	-1	-1
1985	11	117.441	0.544921	4930	0.2	0.344921	31.2299	4930	4930	1	-1	31	0.122188	-1	0.11	-0.0564143	-1	-1
1985	12	87.5619	1.16354	4852	0.2	0.963535	49.8599	4852	4852	1	-1	49	-1	-1	-1	-1	-1	-1
1985	13	23.7424	0.406033	5209	0.2	0.206033	4.02042	5209	5209	1	-1	4	-1	-1	-1	-1	-1	-1
1985	14	12.082	0.2	4000	0.2	0	0	4000	4000	1	-1	0	-1	-1	-1	-1	-1	-1
1986	1	200354	0.2	35	0.2	-1	-1	-1	-1	-1	-1	-1	93.192	313.024	123.87	0.284305	-1	-1
1986	2	86501.1	0.213014	239	0.2	0.013014	1013.91	336	239	0.021	-1	1012	100.447	166.918	108.48	0.0768632	-1	-1
1986	3	33837.2	0.348418	671	0.2	0.148418	4240.5	1227	671	0.205	-1	4223	50.2682	54.782	58.97	0.159364	-1	-1
1986	4	12048.8	0.667023	1134	0.2	0.467023	4106.41	1780	1134	0.413	-1	4068	16.8093	13.7465	12.79	-0.27141	-1	-1
1986	5	11142.8	0.825056	1943	0.2	0.625056	4742.47	2431	1943	0.673	-1	4686	14.7195	10.5043	16.31	0.101947	-1	-1
1986	6	8746.66	1.24791	2399	0.2	1.04791	5236.12	2771	2399	0.845	-1	5139	9.95835	5.86991	13.13	0.274084	-1	-1
1986	7	979.096	1.01557	3190	0.2	0.815565	501.49	3689	3190	0.884	-1	494	1.10497	0.704756	0.97	-0.118792	-1	-1
1986	8	1446.02	1.13744	3293	0.2	0.937435	809.636	3820	3293	0.952	-1	796	1.51496	0.817018	2.72	0.557424	-1	-1
1986	9	1590.37	1.17641	3728	0.2	0.976407	912.927	4258	3728	0.986	-1	897	1.45833	0.870993	1.23	-0.158436	-1	-1
1986	10	632.908	1.11801	4436	0.2	0.918006	349.785	4436	4436	1	-1	344	0.587179	-1	2.27	1.23805	-1	-1
1986	11	84.5738	0.635136	3863	0.2	0.435136	27.2407	3863	3863	1	-1	27	0.0864187	-1	0.09	0.0190291	-1	-1
1986	12	68.1025	0.836037	5241	0.2	0.636037	29.3547	5241	5241	1	-1	29	-1	-1	-1	-1	-1	-1
1986	13	27.3526	0.2	4000	0.2	2.77556e-017	6.88086e-016	4000	4000	1	-1	0	-1	-1	-1	-1	-1	-1
1986	14	15.8192	0.2	4000	0.2	0	0	4000	4000	1	-1	0	-1	-1	-1	-1	-1	-1
1987	1	59533.4	0.2	31	0.2	-1	-1	-1	-1	-1	-1	-1	27.6912	93.0125	21.82	-0.237321	-1	-1
1987	2	164036	0.21315	162	0.2	0.0131499	1942.66	452	162	0.022	-1	1939	190.477	316.499	338.29	0.574145	-1	-1
1987	3	69905.4	0.34081	550	0.2	0.14081	8341.37	1064	550	0.137	-1	8308	104.009	113.867	147.5	0.349069	-1	-1
1987	4	23882.4	0.589064	1216	0.2	0.389064	7021.77	1692	1216	0.426	-1	6965	33.8418	29.0009	44.15	0.265208	-1	-1
1987	5	6183.88	0.868539	1825	0.2	0.668539	2762.82	2408	1825	0.535	-1	2728	8.09807	5.63023	7.68	-0.0523429	-1	-1
1987	6	4882.9	0.820223	2605	0.2	0.620223	2066.44	3000	2605	0.778	-1	2042	6.0558	4.61382	7.47	0.206798	-1	-1
1987	7	2511.2	0.856748	3030	0.2	0.656748	1107.75	3565	3030	0.776	-1	1094	2.9255	2.05246	4.72	0.465698	-1	-1
1987	8	354.626	0.729957	3642	0.2	0.529957	133.384	4215	3642	1	-1	132	0.403079	0.277587	0.39	-0.0263427	-1	-1
1987	9	463.653	0.699715	3837	0.2	0.499715	166.647	4502	3837	0.969	-1	165	0.467688	0.371817	0.61	0.223693	-1	-1
1987	10	490.446	0.884679	3653	0.2	0.684679	222.866	3653	3653	1	-1	220	0.476747	-1	0.44	-0.0658348	-1	-1
1987	11	206.917	0.845043	4877	0.2	0.645043	90.1016	4877	4877	1	-1	89	0.202738	-1	0.82	1.1115	-1	-1
1987	12	44.8125	0.623531	3814	0.2	0.423531	14.1221	3814	3814	1	-1	14	-1	-1	-1	-1	-1	-1
1987	13	29.5173	0.454439	5279	0.2	0.254439	6.03547	5279	5279	1	-1	6	-1	-1	-1	-1	-1	-1
1987	14	22.3944	0.64654	4163	0.2	0.44654	7.36451	4163	4163	1	-1	10	-1	-1	-1	-1	-1	-1
1988	1	36370.9	0.2	37	0.2	-1	-1	-1	-1	-1	-1	-1	16.9174	56.8243	15.77	-0.0698087	-1	-1
1988	2	48741.8	0.205388	176	0.2	0.00538822	237.417	362	176	0.013	-1	237	56.6864	94.6308	40.73	-0.329881	-1	-1
1988	3	132547	0.285526	457	0.2	0.085526	9861.42	780	457	0.221	-1	9831	199.402	225.664	184.79	-0.0760644	-1	-1
1988	4	49716.3	0.611114	974	0.2	0.411114	15293.1	1474	974	0.394	-1	15164	70.1388	59.3158	88.87	0.236398	-1	-1
1988	5	13251.1	0.865017	1830	0.2	0.665017	5898	2217	1830	0.767	-1	5824	17.3651	12.0987	22.86	0.273547	-1	-1
1988	6	2594.53	1.0107	2695	0.2	0.810701	1323.67	2931	2695	0.793	-1	1304	3.09748	2.10505	1.34	-0.797719	-1	-1
1988	7	2150.11	1.0146	3102	0.2	0.814602	1100.42	3529	3102	0.928	-1	1084	2.42699	1.54885	2.19	-0.0984752	-1	-1
1988	8	1066.11	1.19781	3481	0.2	0.997813	620.022	3781	3481	0.914	-1	609	1.10353	0.573957	1.77	0.440682	-1	-1
1988	9	170.905	0.756512	3318	0.2	0.556512	66.7208	4467	3318	1	-1	66	0.170445	0.130966	0.16	-0.039386	-1	-1
1988	10	230.309	0.757008	4169	0.2	0.557008	89.9727	4169	4169	1	-1	89	0.229666	-1	0.22	-0.02976	-1	-1
1988	11	202.479	0.94231	4560	0.2	0.74231	97.3411	4560	4560	1	-1	96	0.194568	-1	0.01	-0.985029	-1	-1
1988	12	88.879	0.554434	4631	0.2	0.354434	24.1818	4631	4631	1	-1	24	-1	-1	-1	-1	-1	-1
1988	13	24.0217	0.296527	5293	0.2	0.0965268	2.00656	5293	5293	1	-1	2	-1	-1	-1	-1	-1	-1
1988	14	18.7377	0.306737	5293	0.2	0.106737	1.72236	5293	5293	1	-1	2	-1	-1	-1	-1	-1	-1
1989	1	33092.3	0.2	26	0.2	-1	-1	-1	-1	-1	-1	-1	15.3925	51.702	10.58	-0.371982	-1	-1
1989	2	29777.9	0.207002	182	0.2	0.00700184	188.335	323	182	0.041	-1	188	34.6204	57.7384	23.33	-0.39331	-1	-1
1989	3	39692	0.271373	441	0.2	0.0713728	2481.07	857	441	0.202	-1	2474	59.8816	68.3463	41.16	-0.374145	-1	-1
1989	4	99624.5	0.488037	887	0.2	0.288037	22706	1185	887	0.532	-1	22560	144.051	131.159	146.61	0.0175964	-1	-1
1989	5	26983.3	0.697589	1510	0.2	0.497589	9666.22	1996	1510	0.727	-1	9571	36.5649	28.1679	45.09	0.209056	-1	-1
1989	6	5579.29	1.20261	2380	0.2	1.00261	3254.09	2893	2380	0.818	-1	3196	6.41002	3.88248	12.91	0.692376	-1	-1
1989	7	944.316	1.11725	3009	0.2	0.917252	521.621	4066	3009	0.998	-1	513	1.04426	0.626616	0.84	-0.196633	-1	-1
1989	8	779.514	1.75249	3499	0.2	1.55249	570.851	3866	3499	1	-1	556	0.722151	0.26927	0.83	0.123261	-1	-1
1989	9	321.808	0.882271	3195	0.2	0.682271	145.87	4734	3195	1	-1	144	0.31297	0.223001	0.41	0.211035	-1	-1
1989	10	80.2057	0.832039	5039	0.2	0.632039	34.4136	5039	5039	1	-1	34	0.0787906	-1	0.28	0.753956	-1	-1
1989	11	108.031	0.726289	5015	0.2	0.526289	40.4169	5015	5015	1	-1	40	0.108393	-1	0.13	0.0986535	-1	-1
1989	12	78.9115	0.901556	4975	0.2	0.701556	36.4789	4975	4975	1	-1	36	-1	-1	-1	-1	-1	-1
1989	13	51.0518	0.561073	5338	0.2	0.361073	14.1076	5338	5338	1	-1	14	-1	-1	-1	-1	-1	-1
1989	14	17.8576	1.15197	4575	0.2	0.951975	10.0938	4575	4575	1	-1	17	-1	-1	-1	-1	-1	-1
1990	1	112712	0.2	29	0.2	-1	-1	-1	-1	-1	-1	-1	52.4264	176.096	70.48	0.29543	-1	-1
1990	2	27093.7	0.278771	184	0.2	0.0787709	1862.54	269	184	0.114	-1	1857	31.0507	49.6024	31.8	0.0237684	-1	-1
1990	3	24210	0.316807	457	0.2	0.116807	2423.73	700	457	0.334	-1	2415	36.1942	40.1995	26.73	-0.302138	-1	-1
1990	4	30258.5	0.578529	840	0.2	0.378529	8696.81	1054	840	0.634	-1	8628	42.9672	37.0544	38.84	-0.10074	-1	-1
1990	5	61152.5	0.756358	1234	0.2	0.556358	23868.8	1562	1234	0.814	-1	23611	81.8991	60.9053	92.82	0.125031	-1	-1
1990	6	13431.9	0.935874	1965	0.2	0.735874	6418.78	2364	1965	0.843	-1	6331	16.2774	11.5701	30.89	0.637764	-1	-1
1990	7	1676.08	0.972306	2675	0.2	0.772306	827.798	3414	2675	0.918	-1	816	1.90799	1.24893	3.44	0.566994	-1	-1
1990	8	308.959	0.969082	3052	0.2	0.769082	152.161	4134	3052	0.882	-1	150	0.334773	0.199733	0.9	0.832931	-1	-1
1990	9	135.122	0.994063	3267	0.2	0.794063	67.9924	4946	3267	1	-1	67	0.128506	0.0856241	0.23	0.367531	-1	-1
1990	10	133.178	0.667496	4115	0.2	0.467496	45.4253	4115	4115	1	-1	45	0.135205	-1	0	-0.855287	-1	-1
1990	11	34.9024	0.730415	4682	0.2	0.530415	13.1364	4682	4682	1	-1	13	0.0349906	-1	0	-0.300035	-1	-1
1990	12	52.2545	0.360226	5220	0.2	0.160226	7.03039	5220	5220	1	-1	7	-1	-1	-1	-1	-1	-1
1990	13	32.0331	0.271498	5183	0.2	0.0714979	2.00572	5183	5183	1	-1	2	-1	-1	-1	-1	-1	-1
1990	14	29.13	0.440302	5204	0.2	0.240302	5.66226	5204	5204	1	-1	7	-1	-1	-1	-1	-1	-1
1991	1	213861	0.2	31	0.2	-1	-1	-1	-1	-1	-1	-1	99.4746	334.127	89.73	-0.102988	-1	-1
1991	2	92280.5	0.308921	176	0.2	0.108921	8647.03	288	176	0.063	-1	8617	105.122	164.919	145.95	0.327874	-1	-1
1991	3	20502.2	0.322876	501	0.2	0.122876	2152.97	699	501	0.224	-1	2145	30.6138	33.878	41.43	0.301704	-1	-1
1991	4	17636.3	0.612793	1003	0.2	0.412793	5443.11	979	1003	0.592	-1	5397	24.8726	21.0134	17.73	-0.336897	-1	-1
1991	5	16966.6	0.850553	1406	0.2	0.650553	7433.54	1412	1406	0.739	-1	7342	22.2986	15.6714	20.19	-0.0988719	-1	-1
1991	6	28703.3	0.983096	1884	0.2	0.783096	14309.4	1887	1884	0.817	-1	14103	34.4571	23.8082	32.85	-0.0476217	-1	-1
1991	7	5268.55	1.01072	2496	0.2	0.810725	2687.94	2674	2496	0.894	-1	2648	5.95162	3.80704	7.63	0.244782	-1	-1
1991	8	633.909	1.08983	3755	0.2	0.889834	343.531	3135	3755	0.495	-1	338	0.670484	0.372068	0.3	-0.655555	-1	-1
1991	9	117.229	0.673368	3653	0.2	0.473368	40.3819	4341	3653	1	-1	40	0.118873	0.0960115	0.1	-0.0901761	-1	-1
1991	10	50.0048	0.449761	5243	0.2	0.249761	10.0583	5243	5243	1	-1	10	0.0530255	-1	0.08	0.162352	-1	-1
1991	11	68.319	0.284342	3427	0.2	0.0843419	5.01537	3427	3427	1	-1	5	0.074883	-1	0	-0.558947	-1	-1
1991	12	16.8128	0.2	4000	0.2	1.66533e-016	2.53767e-015	4000	4000	1	-1	0	-1	-1	-1	-1	-1	-1
1991	13	36.4485	0.652332	5356	0.2	0.452332	12.1104	5356	5356	1	-1	12	-1	-1	-1	-1	-1	-1
1991	14	24.4168	0.2	4000	0.2	0	0	4000	4000	1	-1	0	-1	-1	-1	-1	-1	-1
1992	1	46946.9	0.2	28	0.2	-1	-1	-1	-1	-1	-1	-1	21.8368	73.3478	18.15	-0.183998	-1	-1
1992	2	175094	0.234711	157	0.2	0.0347111	5417.14	313	157	0.05	-1	5405	202.443	332.059	211.43	0.0434154	-1	-1
1992	3	67755.9	0.391662	503	0.2	0.191662	10745	806	503	0.227	-1	10693	99.7907	105.966	137.77	0.322235	-1	-1
1992	4	14844.9	0.754981	894	0.2	0.554981	5783.34	1167	894	0.419	-1	5721	20.3489	15.7857	35.38	0.551042	-1	-1
1992	5	9555.97	0.961764	1365	0.2	0.761764	4675.86	1524	1365	0.799	-1	4610	12.2828	8.07514	16.91	0.317491	-1	-1
1992	6	7247.77	1.02741	1891	0.2	0.827409	3747.67	1950	1891	0.901	-1	3691	8.62387	5.80235	13.77	0.463666	-1	-1
1992	7	10739.4	0.967977	2325	0.2	0.767977	5283.95	2357	2325	0.901	-1	5209	12.2359	8.0302	16.32	0.285986	-1	-1
1992	8	1917.52	1.0575	2936	0.2	0.857501	1014.83	3075	2936	0.858	-1	999	2.04131	1.15496	2.22	0.0801496	-1	-1
1992	9	213.166	1.17325	3682	0.2	0.973248	122.125	4053	3682	1	-1	120	0.195592	0.117039	0.18	-0.0541891	-1	-1
1992	10	59.7852	0.404392	4674	0.2	0.204392	10.0508	4674	4674	1	-1	10	0.0639746	-1	0.07	0.0360869	-1	-1
1992	11	31.8921	0.349212	4503	0.2	0.149212	4.01663	4503	4503	1	-1	4	0.0345056	-1	0	-0.296435	-1	-1
1992	12	51.4107	0.243945	5250	0.2	0.0439454	2.0048	5250	5250	1	-1	2	-1	-1	-1	-1	-1	-1
1992	13	13.7652	0.2	4000	0.2	2.77556e-017	3.46279e-016	4000	4000	1	-1	0	-1	-1	-1	-1	-1	-1
1992	14	18.9835	0.2	4000	0.2	0	0	4000	4000	1	-1	0	-1	-1	-1	-1	-1	-1
1993	1	57212.9	0.2	41	0.2	-1	-1	-1	-1	-1	-1	-1	26.6119	89.387	29.99	0.119085	-1	-1
1993	2	38436.9	0.222359	168	0.2	0.0223591	770.569	303	168	0.124	-1	769	44.5504	73.6177	37.8	-0.163911	-1	-1
1993	3	138464	0.303626	384	0.2	0.103626	12374.9	705	384	0.362	-1	12333	207.552	232.351	244.96	0.165638	-1	-1
1993	4	45798.4	0.569965	878	0.2	0.369965	12915.4	1333	878	0.481	-1	12815	65.1455	56.4702	87.19	0.291078	-1	-1
1993	5	6977.38	0.835089	1492	0.2	0.635089	3004.25	1875	1492	0.67	-1	2968	9.19854	6.52498	11.23	0.197597	-1	-1
1993	6	3652.46	0.936152	1785	0.2	0.736152	1745.88	2386	1785	0.904	-1	1722	4.42598	3.14551	3.85	-0.13612	-1	-1
1993	7	2594.22	1.13412	2562	0.2	0.93412	1449.34	2996	2562	0.977	-1	1425	2.85912	1.69836	1.66	-0.519579	-1	-1
1993	8	4079.36	1.13289	2573	0.2	0.932891	2277.19	3059	2573	0.908	-1	2239	4.27773	2.31327	4.46	0.0407924	-1	-1
1993	9	665.997	1.04207	3266	0.2	0.84207	348.348	3363	3266	0.867	-1	343	0.627333	0.406127	0.88	0.298168	-1	-1
1993	10	65.9452	0.583341	4047	0.2	0.383341	19.1531	4047	4047	1	-1	19	0.0680853	-1	0	-0.519302	-1	-1
1993	11	39.8996	0.22809	5294	0.2	0.0280896	1.00214	5294	5294	1	-1	1	0.0442279	-1	0	-0.366224	-1	-1
1993	12	22.4917	0.250385	5294	0.2	0.0503852	1.00251	5294	5294	1	-1	1	-1	-1	-1	-1	-1	-1
1993	13	40.2819	0.82813	4709	0.2	0.62813	17.2057	4709	4709	1	-1	17	-1	-1	-1	-1	-1	-1
1993	14	11.27	0.2	4000	0.2	0	0	4000	4000	1	-1	0	-1	-1	-1	-1	-1	-1
1994	1	88987.7	0.2	33	0.2	-1	-1	-1	-1	-1	-1	-1	41.3915	139.031	58.54	0.345928	-1	-1
1994	2	46842	0.278451	181	0.2	0.0784507	3207.52	337	181	0.248	-1	3198	53.6867	85.779	61.34	0.133035	-1	-1
1994	3	30773.6	0.327898	392	0.2	0.127898	3355.71	668	392	0.312	-1	3343	45.905	50.6467	39.83	-0.141621	-1	-1
1994	4	102206	0.564649	680	0.2	0.364649	28476.9	1019	680	0.573	-1	28258	145.536	126.558	142.35	-0.0221206	-1	-1
1994	5	25901.1	0.808418	1235	0.2	0.608418	10807.8	1717	1235	0.762	-1	10682	34.329	24.7441	42.18	0.205415	-1	-1
1994	6	3027.04	0.968585	1766	0.2	0.768585	1490.15	2391	1766	0.846	-1	1469	3.64439	2.54012	6.9	0.625652	-1	-1
1994	7	1432.25	1.02144	1717	0.2	0.821443	737.077	2717	1717	1	-1	726	1.61448	1.0261	2.87	0.549451	-1	-1
1994	8	834.574	0.842598	2977	0.2	0.642598	362.417	3280	2977	0.907	-1	358	0.927472	0.596978	1.42	0.391609	-1	-1
1994	9	1313.96	0.985678	2131	0.2	0.785678	656.495	3156	2131	1	-1	647	1.25172	0.838235	4.44	1.21155	-1	-1
1994	10	234.913	0.775413	3154	0.2	0.575413	94.0447	3154	3154	1	-1	93	0.233396	-1	0.17	-0.210911	-1	-1
1994	11	36.7994	0.601008	3897	0.2	0.401008	11.0918	3897	3897	1	-1	11	0.0378597	-1	0	-0.321066	-1	-1
1994	12	31.7622	0.235415	5258	0.2	0.0354149	1.00226	5258	5258	1	-1	1	-1	-1	-1	-1	-1	-1
1994	13	17.5098	0.409921	4190	0.2	0.209921	3.01551	4190	4190	1	-1	3	-1	-1	-1	-1	-1	-1
1994	14	17.5978	0.2	4000	0.2	0	0	4000	4000	1	-1	0	-1	-1	-1	-1	-1	-1
1995	1	44387.3	0.2	37	0.2	-1	-1	-1	-1	-1	-1	-1	20.6462	69.3488	35.89	0.550879	-1	-1
1995	2	72857	0.262837	167	0.2	0.0628373	4025.9	351	167	0.124	-1	4015	83.7642	135.096	82.47	-0.0155526	-1	-1
1995	3	35457.3	0.459096	440	0.2	0.259096	7366.86	746	440	0.479	-1	7323	51.5218	52.5407	47.03	-0.0910342	-1	-1
1995	4	22170.4	0.537337	755	0.2	0.337337	5785.88	1096	755	0.382	-1	5744	31.7426	28.0594	19.75	-0.4726	-1	-1
1995	5	58110.1	0.807075	1065	0.2	0.607075	24208.2	1318	1065	0.75	-1	23927	77.0391	55.574	69.52	-0.102558	-1	-1
1995	6	11540.6	1.004	1857	0.2	0.803997	5855.38	2044	1857	0.753	-1	5769	13.7961	9.41369	7.66	-0.582629	-1	-1
1995	7	1149.12	1.09521	2689	0.2	0.895207	625.117	2893	2689	0.606	-1	615	1.27636	0.776086	1.31	0.0241485	-1	-1
1995	8	515.719	1.17144	5377	0.2	0.971439	295.126	3049	5377	0.985	-1	290	0.536644	0.283567	0.11	-1.1091	-1	-1
1995	9	359.36	1.0559	1306	0.2	0.855897	189.957	3675	1306	1	-1	187	0.337562	0.216728	0.34	0.0055552	-1	-1
1995	10	490.353	1.1264	3119	0.2	0.926405	272.543	3119	3119	1	-1	268	0.454161	-1	0	-1.71229	-1	-1
1995	11	108.181	0.957646	3220	0.2	0.757646	52.7394	3220	3220	1	-1	52	0.103635	-1	0	-0.711161	-1	-1
1995	12	20.1756	0.379525	1640	0.2	0.179525	3.01399	1640	1640	1	-1	3	-1	-1	-1	-1	-1	-1
1995	13	25.0998	0.634247	3753	0.2	0.434247	8.0712	3753	3753	1	-1	8	-1	-1	-1	-1	-1	-1
1995	14	11.6213	0.2	4000	0.2	0	0	4000	4000	1	-1	0	-1	-1	-1	-1	-1	-1
1996	1	125205	0.2	41	0.2	-1	-1	-1	-1	-1	-1	-1	58.2375	195.615	95.32	0.492043	460.87	0.856674
1996	2	36341.2	0.298683	174	0.2	0.0986826	3100.24	311	174	0.191	-1	3090	41.4833	65.4812	66.31	0.468148	109.75	0.515827
1996	3	56017.3	0.433423	453	0.2	0.233423	10610.7	787	453	0.362	-1	10552	81.8159	84.729	119.96	0.382299	85.78	0.0123134
1996	4	22403.9	0.672933	813	0.2	0.472933	7711.88	1187	813	0.59	-1	7639	31.2186	25.44	36.81	0.164271	18.49	-0.317621
1996	5	12954.2	0.679942	1076	0.2	0.479942	4511.15	1560	1076	0.648	-1	4468	17.6163	13.7152	19.58	0.10512	7.8	-0.558906
1996	6	25926.5	0.997885	1477	0.2	0.797885	13087.8	1849	1477	0.787	-1	12896	31.0317	21.252	40.7	0.270456	18.26	-0.150971
1996	7	4228.6	1.1497	2171	0.2	0.949698	2386.65	2670	2171	0.739	-1	2346	4.6459	2.73406	5.84	0.224429	1.55	-0.540935
1996	8	384.348	1.11153	2426	0.2	0.911534	211.476	3510	2426	0.949	-1	208	0.404763	0.221707	0.62	0.355162	0	-1.16847
1996	9	159.832	0.990213	4847	0.2	0.790213	80.1652	3567	4847	0.908	-1	79	0.152123	0.101595	0.13	-0.0918363	0	-0.701088
1996	10	125.014	0.955921	3686	0.2	0.755921	60.8515	3686	3686	1	-1	60	0.119803	-1	0.12	0.000895648	-1	-1
1996	11	158.971	0.637813	3846	0.2	0.437813	51.4569	3846	3846	1	-1	51	0.162352	-1	0	-0.964516	-1	-1
1996	12	41.5192	0.666261	3508	0.2	0.466261	14.132	3508	3508	1	-1	14	-1	-1	-1	-1	-1	-1
1996	13	13.8039	0.2	4000	0.2	1.66533e-016	2.08352e-015	4000	4000	1	-1	0	-1	-1	-1	-1	-1	-1
1996	14	13.3113	0.2	4000	0.2	0	0	4000	4000	1	-1	0	-1	-1	-1	-1	-1	-1
1997	1	21955.7	0.2	50	0.2	-1	-1	-1	-1	-1	-1	-1	10.2124	34.3026	8.6	-0.170025	32.39	-0.0572003
1997	2	102509	0.214815	174	0.2	0.0148147	1366.61	379	174	0.093	-1	1364	118.993	197.523	119.35	0.00299362	212.86	0.0747425
1997	3	26957.7	0.376123	424	0.2	0.176123	3957.14	764	424	0.436	-1	3939	39.8268	42.6876	50.81	0.243011	54.46	0.243053
1997	4	36315.3	0.603726	817	0.2	0.403726	11006.6	1163	817	0.587	-1	10915	51.3087	43.5841	53.33	0.0385658	38.68	-0.119079
1997	5	11430.7	0.84107	1221	0.2	0.64107	4955.27	1649	1221	0.683	-1	4895	15.0515	10.6385	10.88	-0.322021	7.04	-0.408123
1997	6	6563.21	0.778916	1425	0.2	0.578916	2639.47	1943	1425	0.75	-1	2610	8.20725	6.40989	7.37	-0.106234	5.73	-0.110306
1997	7	9558.01	1.07272	1915	0.2	0.872718	5116	2342	1915	0.783	-1	5035	10.6642	6.5724	10.9	0.0216729	6.07	-0.0782814
1997	8	1339.33	1.09966	2390	0.2	0.899662	730.88	3020	2390	0.88	-1	719	1.41383	0.779954	1.35	-0.0430786	0.28	-0.839699
1997	9	126.471	1.01931	3692	0.2	0.819314	64.9742	3337	3692	1	-1	64	0.119672	0.0785393	0.07	-0.256338	0	-0.579638
1997	10	59.3772	0.452769	3508	0.2	0.252769	12.0706	3508	3508	1	-1	12	0.0629262	-1	0.03	-0.225763	-1	-1
1997	11	48.0627	0.658723	4028	0.2	0.458723	16.1489	4028	4028	1	-1	16	0.04888	-1	0.07	0.132658	-1	-1
1997	12	84.0077	0.94702	2815	0.2	0.74702	40.5619	2815	2815	1	-1	40	-1	-1	-1	-1	-1	-1
1997	13	21.3253	0.253216	4133	0.2	0.0532155	1.00256	4133	4133	1	-1	1	-1	-1	-1	-1	-1	-1
1997	14	11.3017	0.2	4000	0.2	0	0	4000	4000	1	-1	0	-1	-1	-1	-1	-1	-1
1998	1	61266.1	0.2	41	0.2	-1	-1	-1	-1	-1	-1	-1	28.4972	95.7196	23.08	-0.210018	81.08	-0.165798
1998	2	17975.8	0.217302	203	0.2	0.017302	279.546	445	203	0.026	-1	279	20.856	34.5684	18	-0.146512	32.49	-0.0618228
1998	3	82693.2	0.31693	415	0.2	0.11693	8286.88	724	415	0.454	-1	8257	123.624	137.295	107.93	-0.135646	133.4	-0.0287554
1998	4	18507	0.613114	753	0.2	0.413114	5715.45	1147	753	0.668	-1	5667	26.0989	22.0451	28.23	0.0782055	19.83	-0.105391
1998	5	19856.1	0.774932	1241	0.2	0.574932	7944.18	1683	1241	0.77	-1	7856	26.4939	19.4842	23.49	-0.119859	15.75	-0.211552
1998	6	4929.46	0.981123	1747	0.2	0.781123	2453.31	2250	1747	0.733	-1	2418	5.91994	4.09524	4.9	-0.185639	5.33	0.257988
1998	7	3011.88	0.937695	1996	0.2	0.737695	1441.76	2475	1996	0.849	-1	1422	3.45243	2.30731	3.54	0.0243521	5.36	0.818938
1998	8	3269.58	1.22504	2342	0.2	1.02504	1932.16	2834	2342	0.899	-1	1897	3.36596	1.72231	4.56	0.296025	1.9	0.0930412
1998	9	445.976	1.24067	3076	0.2	1.04067	265.902	3333	3076	1	-1	261	0.403727	0.232007	0.33	-0.158249	0	-1.19999
1998	10	45.6361	0.7305	3275	0.2	0.5305	17.1784	3275	3275	1	-1	17	0.0457506	-1	0	-0.376727	-1	-1
1998	11	37.7559	0.831758	3701	0.2	0.631758	16.1946	3701	3701	1	-1	16	0.0370918	-1	0	-0.315481	-1	-1
1998	12	24.873	0.395687	3630	0.2	0.195687	4.01973	3630	3630	1	-1	4	-1	-1	-1	-1	-1	-1
1998	13	32.5862	0.307302	3806	0.2	0.107302	3.01037	3806	3806	1	-1	3	-1	-1	-1	-1	-1	-1
1998	14	16.5549	0.502026	4202	0.2	0.302026	3.93104	4202	4202	1	-1	5	-1	-1	-1	-1	-1	-1
1999	1	143421	0.2	33	0.2	-1	-1	-1	-1	-1	-1	-1	66.7103	224.074	80.73	0.190491	397.44	0.572872
1999	2	50160.5	0.232105	206	0.2	0.0321048	1437.16	555	206	0.05	-1	1434	58.0254	95.3256	85.46	0.386615	66.87	-0.354102
1999	3	14464.9	0.326046	480	0.2	0.126046	1555.84	908	480	0.397	-1	1550	21.5852	23.8414	25.53	0.167132	28.61	0.181637
1999	4	60232.2	0.580358	715	0.2	0.380358	17381	1101	715	0.683	-1	17243	85.4988	73.6523	98.73	0.14373	97.12	0.276264
1999	5	10024.5	0.888906	1189	0.2	0.688906	4575.15	1658	1189	0.724	-1	4516	13.0742	8.9795	12.99	-0.006412	11.88	0.277219
1999	6	9148.41	1.07787	1956	0.2	0.877869	4915.22	2216	1956	0.749	-1	4837	10.7761	7.03417	9.85	-0.0889919	10.39	0.385526
1999	7	1848.01	0.992308	2366	0.2	0.792308	928.527	2659	2366	0.892	-1	915	2.0953	1.35518	1.42	-0.36761	0.52	-0.853166
1999	8	1179.24	1.07002	2782	0.2	0.870023	629.947	2928	2782	0.761	-1	620	1.25223	0.703201	1.77	0.324184	2.1	1.00761
1999	9	960.428	1.00629	2922	0.2	0.806294	488.22	3209	2922	0.92	-1	481	0.911167	0.602676	1.03	0.111112	0.31	-0.538739
1999	10	128.972	0.976206	3534	0.2	0.776206	63.9149	3534	3534	1	-1	63	0.123096	-1	0.09	-0.160576	-1	-1
1999	11	21.9814	0.2	4000	0.2	1.66533e-016	3.31781e-015	4000	4000	1	-1	0	0.0245032	-1	0	-0.219162	-1	-1
1999	12	16.4345	0.2	4000	0.2	3.05311e-016	4.54772e-015	4000	4000	1	-1	0	-1	-1	-1	-1	-1	-1
1999	13	16.7449	0.268279	2159	0.2	0.0682792	1.00281	2159	2159	1	-1	1	-1	-1	-1	-1	-1	-1
1999	14	23.9648	0.2	4000	0.2	0	0	4000	4000	1	-1	0	-1	-1	-1	-1	-1	-1
2000	1	191193	0.2	29	0.2	-1	-1	-1	-1	-1	-1	-1	88.9308	298.711	60.58	-0.383368	162.34	-0.609503
2000	2	117423	0.225345	179	0.2	0.0253447	2664.56	495	179	0.107	-1	2659	136.018	224.362	90.07	-0.411826	260.1	0.147744
2000	3	39770.4	0.393029	552	0.2	0.193029	6347.88	978	552	0.261	-1	6317	58.5576	62.1303	44.63	-0.271073	45.84	-0.303507
2000	4	10440.3	0.486313	889	0.2	0.286313	2367.15	1333	889	0.632	-1	2352	15.1013	13.7641	8.45	-0.575451	8.24	-0.508238
2000	5	33711.9	0.791202	1159	0.2	0.591202	13771.5	1481	1159	0.808	-1	13615	44.8354	32.6526	25.22	-0.573631	28.71	-0.128259
2000	6	4121.13	0.937295	1767	0.2	0.737295	1972.01	2119	1767	0.868	-1	1945	4.99277	3.54588	3.14	-0.452248	1.97	-0.56605
2000	7	3113.39	1.13035	2612	0.2	0.930353	1735.03	2696	2612	0.873	-1	1706	3.43389	2.0444	1.59	-0.73767	3.2	0.431064
2000	8	685.092	0.939542	2917	0.2	0.739542	328.512	3307	2917	1	-1	324	0.746732	0.453483	0.4	-0.526776	0.08	-1.12327
2000	9	404.48	1.13287	3132	0.2	0.93287	225.787	3597	3132	0.78	-1	222	0.374141	0.229371	0.15	-0.640045	0.27	0.116317
2000	10	351.105	1.00742	3734	0.2	0.807423	178.645	3734	3734	1	-1	176	0.333021	-1	0.52	0.358932	-1	-1
2000	11	48.5886	0.518754	4142	0.2	0.318754	12.0838	4142	4142	1	-1	12	0.0508177	-1	0.04	-0.0744295	-1	-1
2000	12	17.9969	0.331041	5574	0.2	0.131041	2.00771	5574	5574	1	-1	2	-1	-1	-1	-1	-1	-1
2000	13	13.4554	0.2	4000	0.2	1.66533e-016	2.03092e-015	4000	4000	1	-1	0	-1	-1	-1	-1	-1	-1
2000	14	12.8048	0.356192	1648	0.2	0.156192	1.68259	1648	1648	1	-1	2	-1	-1	-1	-1	-1	-1
2001	1	228729	0.2	36	0.2	-1	-1	-1	-1	-1	-1	-1	106.39	357.356	81.27	-0.269047	386.99	0.0796454
2001	2	156535	0.217916	190	0.2	0.017916	2519.95	541	190	0.091	-1	2515	181.594	300.878	147.71	-0.206396	282.1	-0.0644199
2001	3	93731.7	0.340244	490	0.2	0.140244	11142.5	945	490	0.377	-1	11098	139.475	152.746	115.4	-0.189329	170.25	0.108424
2001	4	26845.4	0.537268	1056	0.2	0.337268	7004.69	1456	1056	0.522	-1	6954	38.4365	33.978	22.15	-0.549263	35.69	0.0490163
2001	5	6419.65	0.486263	1437	0.2	0.286263	1455.31	1731	1437	0.753	-1	1446	9.07479	7.93584	4.09	-0.783759	4.06	-0.658397
2001	6	15281.6	0.803071	1509	0.2	0.603071	6335.19	1832	1509	0.895	-1	6262	19.0174	14.639	10.63	-0.577556	13.92	-0.050009
2001	7	1614.19	0.820168	2169	0.2	0.620168	683.079	2243	2169	0.916	-1	675	1.89431	1.35849	0.93	-0.660737	0.72	-0.575852
2001	8	1005.37	0.945386	2765	0.2	0.745386	484.702	3020	2765	0.918	-1	478	1.09455	0.662381	0.57	-0.578245	1.01	0.375669
2001	9	267.739	0.768134	3300	0.2	0.568134	106.167	3328	3300	1	-1	105	0.266398	0.203271	0	-1.29855	0	-1.10946
2001	10	130.286	0.640478	4715	0.2	0.440478	42.3781	4715	4715	1	-1	42	0.132986	-1	0.1	-0.15266	-1	-1
2001	11	128.209	0.794649	3849	0.2	0.594649	52.6006	3849	3849	1	-1	52	0.126892	-1	0	-0.819305	-1	-1
2001	12	28.9229	0.2	4000	0.2	1.66533e-016	4.36554e-015	4000	4000	1	-1	0	-1	-1	-1	-1	-1	-1
2001	13	12.9249	0.2	4000	0.2	3.05311e-016	3.57656e-015	4000	4000	1	-1	0	-1	-1	-1	-1	-1	-1
2001	14	11.0164	0.2	4000	0.2	0	0	4000	4000	1	-1	0	-1	-1	-1	-1	-1	-1
2002	1	61258.6	0.2	67	0.2	-1	-1	-1	-1	-1	-1	-1	28.4937	95.7079	20.75	-0.315832	85.19	-0.116288
2002	2	187267	0.206406	172	0.2	0.00640598	1083.92	564	172	0.047	-1	1082	217.746	363.277	298.67	0.315885	237.78	-0.423676
2002	3	125885	0.296073	475	0.2	0.0960734	10468.1	928	475	0.286	-1	10434	188.981	212.521	200.74	0.0603341	197.49	-0.073318
2002	4	66699.2	0.507992	889	0.2	0.307992	16106.8	1253	889	0.633	-1	15998	96.0589	86.4213	112.49	0.157751	98.45	0.130174
2002	5	15686.9	0.645091	1460	0.2	0.445091	5145.3	1737	1460	0.8	-1	5099	21.4816	17.0779	23.24	0.0783288	19.33	0.123192
2002	6	3947.57	0.580729	1949	0.2	0.380729	1140.06	2219	1949	0.934	-1	1131	5.13601	4.51774	3.51	-0.371852	2.96	-0.411491
2002	7	6845.4	0.910085	2137	0.2	0.710085	3191.33	2230	2137	0.928	-1	3149	7.89013	5.36118	7.49	-0.0513758	2.33	-0.809773
2002	8	710.821	0.723156	1990	0.2	0.523156	264.717	2911	1990	1	-1	262	0.809041	0.559438	0.31	-0.796234	1.01	0.520728
2002	9	390.617	0.850377	3709	0.2	0.650377	171.107	3365	3709	1	-1	169	0.38232	0.277678	0.3	-0.187143	0.08	-0.741085
2002	10	124.198	0.667982	4078	0.2	0.467982	42.3973	4078	4078	1	-1	42	0.126076	-1	0.08	-0.227916	-1	-1
2002	11	68.6659	0.957433	4551	0.2	0.757433	33.4691	4551	4551	1	-1	33	0.0657838	-1	0.15	0.410777	-1	-1
2002	12	57.9171	0.650291	4479	0.2	0.450291	19.1742	4479	4479	1	-1	19	-1	-1	-1	-1	-1	-1
2002	13	23.6801	0.528539	5358	0.2	0.328539	6.04287	5358	5358	1	-1	6	-1	-1	-1	-1	-1	-1
2002	14	10.582	0.2	4000	0.2	0	0	4000	4000	1	-1	0	-1	-1	-1	-1	-1	-1
2003	1	185632	0.2	40	0.2	-1	-1	-1	-1	-1	-1	-1	86.3443	290.023	111.64	0.256674	343.8	0.170045
2003	2	50154.3	0.208875	230	0.2	0.00887547	401.728	498	230	0.062	-1	401	58.2885	97.1018	97.55	0.514271	147.83	0.41995
2003	3	152342	0.247176	412	0.2	0.0471762	6367.59	922	412	0.347	-1	6352	230.947	267.448	282.49	0.201374	252.45	-0.0576893
2003	4	93624.5	0.413189	801	0.2	0.213189	16350	1283	801	0.685	-1	16265	137.417	130.866	244.86	0.577347	169.19	0.256674
2003	5	40133.1	0.623949	1268	0.2	0.423949	12657.5	1704	1268	0.867	-1	12548	55.191	44.4372	113.46	0.719721	56.68	0.242859
2003	6	8229.57	0.708463	1873	0.2	0.508463	2998.06	2274	1873	0.922	-1	2968	10.4371	8.50334	18.01	0.541566	9.49	0.108571
2003	7	2208.63	0.668868	3139	0.2	0.468868	755.086	2744	3139	0.946	-1	748	2.67153	2.09793	2.57	-0.037321	2.43	0.140702
2003	8	2755.21	0.884754	2343	0.2	0.684754	1252.1	2635	2343	1	-1	1236	3.03619	1.90546	4.49	0.380872	0.66	-0.970312
2003	9	344.903	0.544733	3301	0.2	0.344733	91.6747	2819	3301	1	-1	91	0.358857	0.313098	0.48	0.234289	0	-1.41851
2003	10	166.892	0.582518	3289	0.2	0.382518	48.386	3289	3289	1	-1	48	0.172337	-1	0.85	1.24942	-1	-1
2003	11	63.6816	0.411834	4157	0.2	0.211834	11.0572	4157	4157	1	-1	11	0.0680427	-1	0.07	0.0115803	-1	-1
2003	12	26.3593	0.489769	5295	0.2	0.289769	6.039	5295	5295	1	-1	6	-1	-1	-1	-1	-1	-1
2003	13	30.2266	0.401889	5313	0.2	0.201889	5.02518	5313	5313	1	-1	5	-1	-1	-1	-1	-1	-1
2003	14	13.9586	0.2	4000	0.2	0	0	4000	4000	1	-1	0	-1	-1	-1	-1	-1	-1
2004	1	471137	0.2	34	0.2	-1	-1	-1	-1	-1	-1	-1	219.143	736.084	325.9	0.396715	713.02	-0.0318303
2004	2	151983	0.211681	176	0.2	0.0116809	1599.97	559	176	0.037	-1	1597	176.532	293.588	291.65	0.501826	348.5	0.171408
2004	3	40700.1	0.316901	556	0.2	0.116901	4077.7	1006	556	0.361	-1	4063	60.8459	67.5754	70.75	0.150579	51.24	-0.276253
2004	4	118980	0.379084	807	0.2	0.179084	17734.2	1258	807	0.57	-1	17652	175.828	170.907	208.74	0.171496	160.31	-0.0639733
2004	5	61936	0.62376	1282	0.2	0.42376	19526.9	1579	1282	0.831	-1	19358	85.1776	68.5888	109.33	0.249373	70.61	0.0290006
2004	6	21504.3	0.808637	1690	0.2	0.608637	8975.5	2044	1690	0.91	-1	8871	26.7316	20.5085	33.96	0.238544	17.04	-0.184287
2004	7	4052.24	0.953104	2454	0.2	0.753104	1967.44	2809	2454	1	-1	1940	4.63068	3.06627	6.79	0.376002	3.99	0.25599
2004	8	1131.45	0.816295	3236	0.2	0.616295	476.608	3123	3236	1	-1	471	1.26403	0.826549	1.24	-0.0177742	0.82	-0.00709313
2004	9	1137.39	0.844637	2942	0.2	0.644637	495.05	2945	2942	1	-1	489	1.11451	0.81226	0.82	-0.277725	0.51	-0.402466
2004	10	200.043	0.909825	3957	0.2	0.709825	93.2364	3957	3957	1	-1	92	0.19348	-1	0	-1.07664	-1	-1
2004	11	93.2078	0.756616	3146	0.2	0.556616	36.3932	3146	3146	1	-1	36	0.0929549	-1	0.16	0.298225	-1	-1
2004	12	42.1849	0.699184	2827	0.2	0.499184	15.1496	2827	2827	1	-1	15	-1	-1	-1	-1	-1	-1
2004	13	16.1521	0.2	4000	0.2	1.66533e-016	2.43795e-015	4000	4000	1	-1	0	-1	-1	-1	-1	-1	-1
2004	14	20.2232	0.793377	5249	0.2	0.593377	8.28386	5249	5249	1	-1	12	-1	-1	-1	-1	-1	-1
2005	1	110242	0.2	40	0.2	-1	-1	-1	-1	-1	-1	-1	51.2778	172.238	57.94	0.121927	74.2	-0.841345
2005	2	385734	0.206914	153	0.2	0.00691444	2409.29	339	153	0.024	-1	2405	448.469	747.977	698.32	0.442757	560.35	-0.288766
2005	3	122988	0.288742	448	0.2	0.0887415	9479.75	886	448	0.23	-1	9450	184.903	208.852	289.36	0.447645	182.1	-0.137001
2005	4	29646	0.498818	920	0.2	0.298818	6975.08	1265	920	0.562	-1	6929	42.774	38.6949	44.58	0.0412594	27.3	-0.347747
2005	5	81440.3	0.623076	1188	0.2	0.423076	25642.5	1506	1188	0.753	-1	25421	112.016	90.2374	157.19	0.338556	96.52	0.0672339
2005	6	33193.1	0.813858	1564	0.2	0.613858	13941.5	1916	1564	0.927	-1	13778	41.2187	31.524	57.51	0.332382	26.73	-0.164397
2005	7	9579.41	0.952586	2128	0.2	0.752586	4648.81	2323	2128	0.936	-1	4584	10.9479	7.2516	15.72	0.359031	10.37	0.353597
2005	8	1562.31	1.04929	2808	0.2	0.849291	821.708	3028	2808	0.968	-1	809	1.66591	0.947215	3.35	0.66971	1.88	0.636962
2005	9	500.178	1.00878	2550	0.2	0.80878	254.778	3211	2550	1	-1	251	0.474288	0.313242	0.32	-0.312876	0	-1.41886
2005	10	488.753	0.852727	2755	0.2	0.652727	214.651	2755	2755	1	-1	212	0.478147	-1	0.25	-0.501894	-1	-1
2005	11	80.5362	0.242039	4053	0.2	0.0420394	3.00711	4053	4053	1	-1	3	0.0890239	-1	0.02	-0.454382	-1	-1
2005	12	43.7379	0.854104	4019	0.2	0.654104	19.238	4019	4019	1	-1	19	-1	-1	-1	-1	-1	-1
2005	13	20.9655	0.372143	4158	0.2	0.172143	3.01362	4158	4158	1	-1	3	-1	-1	-1	-1	-1	-1
2005	14	13.2242	0.2	4000	0.2	0	0	4000	4000	1	-1	0	-1	-1	-1	-1	-1	-1
2006	1	51667.2	0.2	33	0.2	-1	-1	-1	-1	-1	-1	-1	24.0323	80.7226	39.29	0.489959	124.13	0.429878
2006	2	90258.6	0.202955	127	0.2	0.00295528	241.414	402	127	0.027	-1	241	105.021	175.576	88.69	-0.168841	117.57	-0.400756
2006	3	313636	0.236012	333	0.2	0.036012	10060.8	749	333	0.117	-1	10038	476.528	555.551	575.93	0.189423	510.38	-0.0847884
2006	4	92143.1	0.494138	736	0.2	0.294138	21385.6	1093	736	0.462	-1	21246	133.071	120.719	179.11	0.296925	108.53	-0.106348
2006	5	18002.5	0.724244	1145	0.2	0.524244	6715.05	1495	1145	0.621	-1	6646	24.2654	18.3963	19.13	-0.236691	13.82	-0.284246
2006	6	43675.8	0.847652	1512	0.2	0.647652	19074	1758	1512	0.739	-1	18840	53.8706	40.3732	62.94	0.155331	40.39	0.000414252
2006	7	14709.4	1.04634	1944	0.2	0.846339	7719.02	2163	1944	0.918	-1	7600	16.4985	10.3304	16.43	-0.00413525	9.77	-0.0552216
2006	8	3695.18	1.25556	2232	0.2	1.05556	2221.46	2555	2232	1	-1	2180	3.78096	1.89954	6.74	0.566706	3.92	0.698362
2006	9	547.1	1.25692	3272	0.2	1.05692	329.15	3054	3272	1	-1	323	0.493663	0.280936	0.7	0.2983	1.52	1.44755
2006	10	182.397	1.02897	3617	0.2	0.828972	94.4303	3617	3617	1	-1	93	0.172258	-1	0.29	0.359395	-1	-1
2006	11	208.331	1.0633	3566	0.2	0.863298	110.737	3566	3566	1	-1	109	0.195405	-1	0	-1.08318	-1	-1
2006	12	63.2229	0.2	4000	0.2	2.77556e-017	1.59045e-015	4000	4000	1	-1	0	-1	-1	-1	-1	-1	-1
2006	13	18.6177	0.2	4000	0.2	3.05311e-016	5.15184e-015	4000	4000	1	-1	0	-1	-1	-1	-1	-1	-1
2006	14	14.4506	0.2	4000	0.2	0	0	4000	4000	1	-1	0	-1	-1	-1	-1	-1	-1
2007	1	53793.3	0.2	48	0.2	-1	-1	-1	-1	-1	-1	-1	25.0213	84.0444	34	0.305582	93.77	0.109377
2007	2	42301.5	0.220642	170	0.2	0.0206422	783.573	510	170	0.078	-1	782	49.0465	81.131	65.6	0.290292	78.47	-0.0333066
2007	3	73679.5	0.260025	350	0.2	0.0600249	3894.37	748	350	0.208	-1	3884	111.41	128.027	88.63	-0.228513	92.82	-0.321282
2007	4	247701	0.408737	615	0.2	0.208737	42441.4	988	615	0.418	-1	42224	363.886	347.466	436.41	0.181695	340.57	-0.0200405
2007	5	56216.2	0.774836	1053	0.2	0.574836	22488.6	1346	1053	0.68	-1	22239	75.0104	55.1674	85.68	0.132827	58.67	0.0614482
2007	6	8725.65	0.753055	1514	0.2	0.553055	3390.44	1840	1514	0.77	-1	3354	10.9679	8.69996	7.9	-0.324612	8.48	-0.0253128
2007	7	18711.6	1.08625	1786	0.2	0.886248	10114.3	2062	1786	0.875	-1	9952	20.8206	12.7282	21.6	0.0365757	12.39	-0.026716
2007	8	5166.24	1.08224	2073	0.2	0.882241	2784.5	2350	2073	0.959	-1	2740	5.47262	3.05075	4.74	-0.140951	3.83	0.220998
2007	9	1052.81	0.987043	2198	0.2	0.787043	526.628	2525	2198	1	-1	519	1.00267	0.670901	2.15	0.713199	0.57	-0.140283
2007	10	155.665	0.780139	2408	0.2	0.580139	62.7013	2408	2408	1	-1	62	0.154514	-1	0.07	-0.403558	-1	-1
2007	11	65.1838	0.910579	3360	0.2	0.710579	30.4035	3360	3360	1	-1	30	0.0630358	-1	0	-0.488799	-1	-1
2007	12	71.9399	0.907164	2303	0.2	0.707164	33.4421	2303	2303	1	-1	33	-1	-1	-1	-1	-1	-1
2007	13	51.7626	0.918298	3338	0.2	0.718298	24.3259	3338	3338	1	-1	24	-1	-1	-1	-1	-1	-1
2007	14	15.2429	2.29934	5082	0.2	2.09934	12.5208	5082	5082	1	-1	32	-1	-1	-1	-1	-1	-1
2008	1	146345	0.2	27	0.2	-1	-1	-1	-1	-1	-1	-1	68.0704	228.643	88.53	0.26246	201.84	-0.124627
2008	2	44042.2	0.259874	179	0.2	0.0598736	2322.18	383	179	0.027	-1	2316	50.6657	81.8596	68.05	0.29449	93.9	0.137068
2008	3	33926	0.358823	382	0.2	0.158823	4527.46	636	382	0.263	-1	4508	50.2953	54.4704	71.7	0.353987	68.36	0.226757
2008	4	56809.2	0.409267	595	0.2	0.209267	9756.07	857	595	0.418	-1	9706	83.4471	79.6563	75.57	-0.0990285	87.88	0.0981343
2008	5	164594	0.640082	868	0.2	0.440082	53499	1125	868	0.621	-1	53022	225.621	179.91	222.79	-0.0126217	198.94	0.100496
2008	6	25903.3	0.834719	1295	0.2	0.634719	11148.5	1575	1295	0.828	-1	11014	32.0324	24.1936	29.99	-0.065671	16.8	-0.362901
2008	7	4109.13	0.819517	1828	0.2	0.619517	1737.53	2149	1828	0.87	-1	1717	4.82283	3.46002	3.53	-0.304652	2.87	-0.181203
2008	8	6314.79	0.956758	2201	0.2	0.756758	3076.08	2417	2201	0.904	-1	3033	6.85929	4.12277	7.47	0.0841162	3.47	-0.167925
2008	9	1750.5	0.92267	2340	0.2	0.72267	826.124	2802	2340	0.975	-1	815	1.68873	1.17446	1.64	-0.0276205	0.22	-1.38195
2008	10	392.359	0.835623	2568	0.2	0.635623	169.041	2568	2568	1	-1	167	0.38516	-1	0.27	-0.270976	-1	-1
2008	11	71.3479	0.570771	2840	0.2	0.370771	20.1569	2840	2840	1	-1	20	0.0738488	-1	0	-0.553016	-1	-1
2008	12	26.2229	0.436642	2727	0.2	0.236642	5.02807	2727	2727	1	-1	5	-1	-1	-1	-1	-1	-1
2008	13	29.0398	0.2	4000	0.2	1.66533e-016	4.38318e-015	4000	4000	1	-1	0	-1	-1	-1	-1	-1	-1
2008	14	20.6635	0.2	4000	0.2	0	0	4000	4000	1	-1	0	-1	-1	-1	-1	-1	-1
2009	1	47503	0.2	29	0.2	-1	-1	-1	-1	-1	-1	-1	22.0954	74.2167	10.46	-0.742814	47.55	-0.444453
2009	2	119817	0.209881	139	0.2	0.00988126	1067.95	452	139	0.017	-1	1066	139.221	231.786	111.21	-0.224463	269.51	0.15073
2009	3	33963.1	0.309414	442	0.2	0.109414	3196.13	841	442	0.301	-1	3185	50.8504	56.7287	53.82	0.0566493	68.15	0.183137
2009	4	23697.2	0.458601	687	0.2	0.258601	4915.22	960	687	0.47	-1	4886	34.4671	31.9417	41.48	0.184718	30.99	-0.0301516
2009	5	37729.1	0.501736	882	0.2	0.301736	8951.57	1131	882	0.576	-1	8892	53.1689	46.0662	41.91	-0.237445	48.55	0.0524041
2009	6	86782.3	0.790346	1141	0.2	0.590346	35412.9	1352	1141	0.847	-1	35011	108.273	83.9835	105.64	-0.0245943	96.83	0.142179
2009	7	11241.9	1.02919	1495	0.2	0.829195	5821.19	1757	1495	0.891	-1	5733	12.6526	8.00423	12.94	0.0222842	9.53	0.172497
2009	8	1810.67	0.785417	1920	0.2	0.585417	734.275	2364	1920	1	-1	726	2.03536	1.35581	2.23	0.0872328	1.49	0.088172
2009	9	2425.74	1.19206	2574	0.2	0.992055	1405.87	2497	2574	0.968	-1	1381	2.21739	1.31197	3.11	0.325829	2.19	0.483568
2009	10	695.749	1.18736	3070	0.2	0.987363	402.083	3070	3070	1	-1	395	0.636588	-1	0.44	-0.31046	-1	-1
2009	11	170.128	1.19458	3016	0.2	0.994581	98.7506	3016	3016	1	-1	97	0.155438	-1	0.23	0.256115	-1	-1
2009	12	40.3179	0.827348	3488	0.2	0.627348	17.2055	3488	3488	1	-1	17	-1	-1	-1	-1	-1	-1
2009	13	16.9453	0.2	4000	0.2	1.66533e-016	2.55767e-015	4000	4000	1	-1	0	-1	-1	-1	-1	-1	-1
2009	14	23.7758	0.2	4000	0.2	0	0	4000	4000	1	-1	0	-1	-1	-1	-1	-1	-1
2010	1	34892.1	0.2	32	0.2	-1	-1	-1	-1	-1	-1	-1	16.2296	54.5139	15.15	-0.0684012	43.29	-0.23006
2010	2	38892.2	0.203444	150	0.2	0.00344429	121.209	447	150	0.029	-1	121	45.249	75.6255	27.71	-0.488992	56.59	-0.289517
2010	3	97133.2	0.2711	392	0.2	0.0711002	6049.21	756	392	0.187	-1	6032	146.549	167.292	138.2	-0.0586155	143.39	-0.154071
2010	4	24924.7	0.575548	773	0.2	0.375548	7116.97	1092	773	0.618	-1	7061	35.4144	30.5956	29.95	-0.167075	30.56	-0.00116203
2010	5	14980.6	0.637815	942	0.2	0.437815	4849.06	1294	942	0.778	-1	4806	20.5443	16.4042	18.28	-0.116175	14.44	-0.126714
2010	6	22844.2	0.5965	1190	0.2	0.3965	6821.98	1448	1190	0.787	-1	6766	29.6279	25.8159	20.59	-0.362437	23.72	-0.0843318
2010	7	39372.1	0.875913	1468	0.2	0.675913	17728.5	1685	1468	0.887	-1	17503	45.6922	31.69	31.59	-0.368112	37.23	0.160646
2010	8	4016.68	0.92489	1829	0.2	0.72489	1899.65	2188	1829	0.934	-1	1874	4.39092	2.69011	2.92	-0.396801	4.75	0.552899
2010	9	825.537	0.842284	2086	0.2	0.642284	358.366	2366	2086	1	-1	354	0.809311	0.590662	0.46	-0.484751	0.87	0.339646
2010	10	736.446	1.16307	2730	0.2	0.963071	419.227	2657	2730	0.958	-1	412	0.677106	-1	0.69	0.0164561	-1	-1
2010	11	212.221	0.903485	3016	0.2	0.703485	98.2935	2639	3016	1	-1	97	0.205518	-1	0.12	-0.328382	-1	-1
2010	12	51.5201	0.723529	3488	0.2	0.523529	19.1972	2439	3488	1	-1	19	-1	-1	-1	-1	-1	-1
2010	13	17.6273	0.2	4000	0.2	1.66533e-016	2.66061e-015	4000	4000	1	-1	0	-1	-1	-1	-1	-1	-1
2010	14	13.8736	0.2	4000	0.2	0	0	4000	4000	1	-1	0	-1	-1	-1	-1	-1	-1
2011	1	23989.5	0.2	35	0.2	-1	-1	-1	-1	-1	-1	-1	11.1584	37.4802	8.79	-0.23619	-1	0
2011	2	28567.2	0.209836	175	0.2	0.00983594	253.463	588	175	0.045	-1	253	33.194	55.2654	27.65	-0.182141	-1	0
2011	3	31732.7	0.256747	442	0.2	0.0567468	1588.14	905	442	0.176	-1	1584	48.0141	55.2842	24.75	-0.660718	-1	0
2011	4	74068	0.393613	757	0.2	0.193613	11854.8	1122	757	0.426	-1	11797	109.14	105.165	77.43	-0.342878	-1	0
2011	5	14017.6	0.711686	1129	0.2	0.511686	5131.72	1455	1129	0.823	-1	5080	18.9417	14.4689	14.03	-0.29833	-1	0
2011	6	7916.44	0.707983	1304	0.2	0.507983	2881.87	1688	1304	0.816	-1	2853	10.0409	8.18293	5.9	-0.524817	-1	0
2011	7	12581.1	0.630601	1583	0.2	0.430601	4018.21	1914	1583	0.838	-1	3983	15.3349	12.3221	9.4	-0.485337	-1	0
2011	8	16397.7	0.743373	1865	0.2	0.543373	6286.58	2094	1865	0.899	-1	6220	18.5883	12.6985	14.89	-0.220512	-1	0
2011	9	1592.92	0.619674	2107	0.2	0.419674	498.277	2455	2107	0.974	-1	494	1.6327	1.36188	1.22	-0.272052	-1	0
2011	10	355.58	0.627872	3094	0.2	0.427872	112.985	2919	3094	1	-1	112	0.363865	-1	0.31	-0.123436	-1	-1
2011	11	230.158	0.526429	2398	0.2	0.326429	58.4124	2953	2398	1	-1	58	0.240347	-1	0.23	-0.0308744	-1	-1
2011	12	85.9823	0.382836	4146	0.2	0.182836	13.0613	3706	4146	1	-1	13	-1	-1	-1	-1	-1	-1
2011	13	24.9892	0.2	4000	0.2	1.66533e-016	3.77179e-015	4000	4000	1	-1	0	-1	-1	-1	-1	-1	-1
2011	14	14.432	0.2	4000	0.2	0	0	4000	4000	1	-1	0	-1	-1	-1	-1	-1	-1
2012	1	42016.9	0.2	28	0.2	-1	-1	-1	-1	-1	-1	-1	19.5436	65.6454	12.47	-0.44644	53.76	-0.199401
2012	2	19641	0.21109	202	0.2	0.0110899	196.363	668	202	0.106	-1	196	22.8163	37.9588	14.9	-0.423798	29.08	-0.265649
2012	3	23159.9	0.265162	482	0.2	0.0651623	1325.64	978	482	0.167	-1	1322	34.9839	40.0781	31.27	-0.111889	34.27	-0.156138
2012	4	24547.3	0.36726	801	0.2	0.16726	3436.25	1222	801	0.445	-1	3421	36.3617	35.5959	27.22	-0.288645	37.73	0.0580679
2012	5	49967.4	0.542348	1145	0.2	0.342348	13203.7	1492	1145	0.627	-1	13107	69.8457	59.0584	58.3	-0.180404	70.51	0.176952
2012	6	6880.06	0.641749	1480	0.2	0.441749	2243.06	1903	1480	0.819	-1	2223	8.84276	7.49866	5.23	-0.517493	9.3	0.212738
2012	7	3899.93	0.629005	1909	0.2	0.429005	1241.85	2164	1909	0.903	-1	1231	4.75507	3.82451	2.92	-0.474767	3.59	-0.0616147
2012	8	6696.57	0.726426	2072	0.2	0.526426	2505.85	2366	2072	0.852	-1	2480	7.61691	5.25664	5.3	-0.357016	9.96	0.630231
2012	9	7797.25	0.673704	2353	0.2	0.473704	2687.43	2704	2353	0.911	-1	2662	7.90611	6.38432	6.87	-0.13859	10.53	0.494294
2012	10	857.179	0.572114	2350	0.2	0.372114	242.896	2765	2350	1	-1	241	0.886987	-1	0.8	-0.0922625	-1	-1
2012	11	189.782	0.535955	2207	0.2	0.335955	49.3561	3431	2207	1	-1	49	0.197807	-1	0.26	0.189657	-1	-1
2012	12	135.957	0.807365	3211	0.2	0.607365	56.6585	2924	3211	1	-1	56	-1	-1	-1	-1	-1	-1
2012	13	58.6334	0.643366	3054	0.2	0.443366	19.172	3367	3054	1	-1	19	-1	-1	-1	-1	-1	-1
2012	14	20.4594	0.444386	4000	0.2	0.244386	4.03683	5117	4000	1	-1	5	-1	-1	-1	-1	-1	-1
2013	1	29208.5	0.2	33	0.2	-1	-1	-1	-1	-1	-1	-1	13.586	45.6341	13.91	0.0233996	91.94	0.699378
2013	2	34400.5	0.208064	201	0.2	0.00806407	250.451	678	201	0.046	-1	250	39.9862	66.6447	23.32	-0.537441	131.36	0.677827
2013	3	15903.3	0.275167	589	0.2	0.0751674	1045.04	1084	589	0.223	-1	1042	23.9745	27.3012	19.72	-0.19446	37.32	0.31162
2013	4	17765.6	0.396292	967	0.2	0.196292	2879.16	1358	967	0.381	-1	2865	26.1636	25.1703	22.9	-0.132691	38.58	0.425694
2013	5	17002.2	0.501817	1312	0.2	0.301817	4034.85	1675	1312	0.714	-1	4008	23.9596	20.7578	22.51	-0.0621402	39.41	0.638824
2013	6	29050.1	0.632073	1710	0.2	0.432073	9303.74	2036	1710	0.793	-1	9222	37.4097	31.9081	41.93	0.113785	45.11	0.34533
2013	7	3621.47	0.658926	1999	0.2	0.458926	1217.23	2400	1999	0.92	-1	1206	4.3892	3.46743	4.78	0.0834707	6.3	0.584453
2013	8	2079.14	0.638624	2265	0.2	0.438624	673.994	2554	2265	0.986	-1	668	2.40678	1.75083	2.49	0.0326584	2.33	0.272256
2013	9	3238.69	0.754895	2764	0.2	0.554895	1261.6	3097	2764	0.974	-1	1248	3.23102	2.48504	3.86	0.172967	5.89	0.840349
2013	10	3975.17	0.678119	2709	0.2	0.478119	1380.16	3111	2709	0.992	-1	1367	4.02711	-1	4.52	0.112817	-1	-1
2013	11	483.733	0.616146	2529	0.2	0.416146	150.281	2838	2529	0.945	-1	149	0.496166	-1	0.59	0.146172	-1	-1
2013	12	111.044	0.970977	2885	0.2	0.770977	54.7796	3634	2885	1	-1	54	-1	-1	-1	-1	-1	-1
2013	13	60.641	0.570805	1788	0.2	0.370805	17.1334	2264	1788	1	-1	17	-1	-1	-1	-1	-1	-1
2013	14	30.8131	0.589445	3352	0.2	0.389445	9.0668	3523	3352	1	-1	12	-1	-1	-1	-1	-1	-1
2014	1	24737.3	0.2	36	0.2	-1	-1	-1	-1	-1	-1	-1	11.5062	38.6485	14.01	0.19534	35.06	-0.0971832
2014	2	23913.9	0.21106	222	0.2	0.01106	238.441	536	222	0.107	-1	238	27.7802	46.2179	24.78	-0.113853	41.27	-0.112973
2014	3	27938.5	0.260244	570	0.2	0.0602443	1481.95	1080	570	0.192	-1	1478	42.2436	48.538	30.27	-0.332363	67.34	0.326833
2014	4	12077.7	0.374622	1005	0.2	0.174622	1759.02	1433	1005	0.391	-1	1751	17.8643	17.4109	17.74	-0.00694164	24.12	0.324354
2014	5	11952.9	0.490293	1372	0.2	0.290293	2742.74	1793	1372	0.567	-1	2725	16.8829	14.7283	16.44	-0.0264242	27.19	0.609982
2014	6	10293.6	0.547937	1751	0.2	0.347937	2757.44	2121	1751	0.675	-1	2737	13.4807	12.0935	14.79	0.0920403	24.45	0.699806
2014	7	15439.8	0.614651	2141	0.2	0.414651	4782.66	2504	2141	0.735	-1	4742	18.8794	15.3161	16.44	-0.137574	26.31	0.538331
2014	8	1873.77	0.506044	2298	0.2	0.306044	450.026	2624	2298	0.925	-1	447	2.22733	1.75445	1.33	-0.487049	2.3	0.257881
2014	9	1097.82	0.693624	2653	0.2	0.493624	390.825	3178	2653	0.906	-1	387	1.10873	0.884677	1.05	-0.0498049	1.49	0.479176
2014	10	1522.38	0.754093	3104	0.2	0.554093	592.377	3272	3104	0.883	-1	586	1.51902	-1	1.68	0.0947953	-1	-1
2014	11	2017.68	0.641811	3153	0.2	0.441811	657.885	3445	3153	1	-1	652	2.05894	-1	1.42	-0.350908	-1	-1
2014	12	261.226	0.679267	3162	0.2	0.479267	90.8681	3254	3162	1	-1	90	-1	-1	-1	-1	-1	-1
2014	13	42.0536	1.43636	4000	0.2	1.23636	27.5905	2829	3054	1	-1	27	-1	-1	-1	-1	-1	-1
2014	14	34.2664	1.60079	3582	0.2	1.40079	23.9361	3467	3582	1	-1	48	-1	-1	-1	-1	-1	-1
2015	1	130797	0.2	32	0.2	-1	-1	-1	-1	-1	-1	-1	60.8385	204.351	62.58	0.0281771	-1	-1
2015	2	20253.2	0.218473	255	0.2	0.0184735	336.097	559	255	0.138	-1	-1	23.4928	38.9115	19.59	-0.18083	-1	-1
2015	3	19363.7	0.305504	614	0.2	0.105504	1760.38	1018	614	0.283	-1	-1	29.0145	32.4446	26.56	-0.0880711	-1	-1
2015	4	21536.8	0.423734	1073	0.2	0.223734	3927.76	1491	1073	0.445	-1	-1	31.544	29.8508	34.23	0.0814714	-1	-1
2015	5	8304.01	0.525954	1637	0.2	0.325954	2104.89	1989	1637	0.667	-1	-1	11.6457	9.94441	12.58	0.0765396	-1	-1
2015	6	7320.49	0.557564	1926	0.2	0.357564	2006.47	2223	1926	0.795	-1	-1	9.56859	8.53453	11.18	0.154149	-1	-1
2015	7	5951.17	0.606006	2452	0.2	0.406006	1812.04	2621	2452	0.772	-1	-1	7.28954	5.94445	9.63	0.275149	-1	-1
2015	8	8350.31	0.610522	2774	0.2	0.410522	2565.6	2852	2774	0.892	-1	-1	9.72068	7.19163	9.96	0.024077	-1	-1
2015	9	1129.65	0.610522	3170	0.2	0.410522	347.082	3124	3170	1	-1	-1	1.15999	0.972903	1.14	-0.0159929	-1	-1
2015	10	548.65	0.610522	3173	0.2	0.410522	168.571	3126	3173	0.889	-1	-1	0.563385	-1	0.56	-0.00511553	-1	-1
2015	11	716.184	0.610522	3577	0.2	0.410522	220.045	3392	3577	1	-1	-1	0.735418	-1	1.16	0.410935	-1	-1
2015	12	1061.98	0.610522	3356	0.2	0.410522	326.29	3248	3356	1	-1	-1	-1	-1	-1	-1	-1	-1
2015	13	132.439	0.610522	4000	0.2	0.410522	40.6914	3661	3500	1	-1	-1	-1	-1	-1	-1	-1	-1
2015	14	10	0.610522	3718	0.2	0.410522	3.07247	3483	3718	1	-1	-1	-1	-1	-1	-1	-1	-1
2016	1	66778.1	0.2	32	0.2	-1	-1	-1	-1	-1	-1	-1	31.061	104.331	-1	-1	-1	-1
2016	2	107087	0.202523	184	0.2	0.00252301	244.581	447	184	0.067	-1	-1	124.613	208.384	-1	-1	-1	-1
2016	3	16278.4	0.327664	609	0.2	0.127664	1772.03	1013	609	0.417	-1	-1	24.2836	26.7957	-1	-1	-1	-1
2016	4	14266.2	0.488128	1117	0.2	0.288128	3252.39	1533	1117	0.696	-1	-1	20.6278	18.7807	-1	-1	-1	-1
2016	5	14097.9	0.601664	1643	0.2	0.401664	4255	1994	1643	0.827	-1	-1	19.4741	15.8907	-1	-1	-1	-1
2016	6	4907.6	0.670794	2200	0.2	0.470794	1683.26	2434	2200	0.894	-1	-1	6.27107	5.22599	-1	-1	-1	-1
2016	7	4191.73	0.700061	2461	0.2	0.500061	1507.41	2628	2461	0.912	-1	-1	5.03873	3.88351	-1	-1	-1	-1
2016	8	3246.51	0.704603	2908	0.2	0.504603	1175.74	2945	2908	0.935	-1	-1	3.70885	2.59331	-1	-1	-1	-1
2016	9	4534.78	0.704603	3167	0.2	0.504603	1642.29	3122	3167	1	-1	-1	4.56977	3.62238	-1	-1	-1	-1
2016	10	613.477	0.704603	3472	0.2	0.504603	222.174	3324	3472	1	-1	-1	0.618211	-1	-1	-1	-1	-1
2016	11	297.954	0.704603	3475	0.2	0.504603	107.905	3326	3475	1	-1	-1	0.300253	-1	-1	-1	-1	-1
2016	12	388.936	0.704603	3775	0.2	0.504603	140.855	3519	3775	1	-1	-1	-1	-1	-1	-1	-1	-1
2016	13	576.728	0.704603	3612	0.2	0.504603	208.865	3415	3612	1	-1	-1	-1	-1	-1	-1	-1	-1
2016	14	71.9232	0.704603	4078	0.2	0.504603	26.0473	3710	4078	1	-1	-1	-1	-1	-1	-1	-1	-1
2017	1	66778.1	0.2	32	0.2	-1	-1	-1	-1	-1	-1	-1	31.061	104.331	-1	-1	-1	-1
2017	2	54673.2	0.202079	182	0.2	0.00207874	102.904	443	182	0.066	-1	-1	63.6268	106.428	-1	-1	-1	-1
2017	3	87454.8	0.292504	486	0.2	0.0925042	7014.16	868	486	0.317	-1	-1	131.383	148.065	-1	-1	-1	-1
2017	4	11730.3	0.494662	1111	0.2	0.294662	2726.7	1527	1111	0.694	-1	-1	16.9388	15.3617	-1	-1	-1	-1
2017	5	8756.25	0.620946	1689	0.2	0.420946	2745.76	2033	1689	0.835	-1	-1	12.0488	9.71865	-1	-1	-1	-1
2017	6	7724.25	0.685907	2205	0.2	0.485907	2716.11	2438	2205	0.894	-1	-1	9.84048	8.12654	-1	-1	-1	-1
2017	7	2509.26	0.719686	2698	0.2	0.519686	929.699	2798	2698	0.925	-1	-1	3.00448	2.28854	-1	-1	-1	-1
2017	8	2081.42	0.719686	2915	0.2	0.519686	771.18	2950	2915	0.935	-1	-1	2.37068	1.6427	-1	-1	-1	-1
2017	9	1604.77	0.719686	3272	0.2	0.519686	594.577	3192	3272	1	-1	-1	1.61228	1.26651	-1	-1	-1	-1
2017	10	2241.56	0.719686	3470	0.2	0.519686	830.514	3323	3470	1	-1	-1	2.25206	-1	-1	-1	-1	-1
2017	11	303.245	0.719686	3698	0.2	0.519686	112.354	3470	3698	1	-1	-1	0.304664	-1	-1	-1	-1	-1
2017	12	147.28	0.719686	3700	0.2	0.519686	54.5682	3472	3700	1	-1	-1	-1	-1	-1	-1	-1	-1
2017	13	192.253	0.719686	3918	0.2	0.519686	71.231	3610	3918	1	-1	-1	-1	-1	-1	-1	-1	-1
2017	14	285.079	0.719686	3800	0.2	0.519686	105.624	3536	3800	1	-1	-1	-1	-1	-1	-1	-1	-1
2018	1	66778.1	0.2	32	0.2	-1	-1	-1	-1	-1	-1	-1	31.061	104.331	-1	-1	-1	-1
2018	2	54673.3	0.203422	187	0.2	0.00342166	169.273	452	187	0.069	-1	-1	63.6097	106.314	-1	-1	-1	-1
2018	3	44669.7	0.299799	482	0.2	0.0997985	3851.79	863	482	0.313	-1	-1	67.0093	75.1881	-1	-1	-1	-1
2018	4	65275.6	0.468601	950	0.2	0.268601	13998.1	1372	950	0.627	-1	-1	94.7522	87.2845	-1	-1	-1	-1
2018	5	7152.86	0.660784	1683	0.2	0.460784	2411.92	2027	1683	0.834	-1	-1	9.76441	7.69	-1	-1	-1	-1
2018	6	4705.92	0.738342	2248	0.2	0.538342	1791.41	2471	2248	0.897	-1	-1	5.93268	4.74762	-1	-1	-1	-1
2018	7	3890.19	0.770277	2702	0.2	0.570277	1546.95	2801	2702	0.926	-1	-1	4.61105	3.40727	-1	-1	-1	-1
2018	8	1221.77	0.770277	3106	0.2	0.570277	485.844	3081	3106	0.942	-1	-1	1.37755	0.925999	-1	-1	-1	-1
2018	9	1013.45	0.770277	3277	0.2	0.570277	403.005	3196	3277	1	-1	-1	1.00795	0.768112	-1	-1	-1	-1
2018	10	781.37	0.770277	3549	0.2	0.570277	310.716	3374	3549	1	-1	-1	0.777124	-1	-1	-1	-1	-1
2018	11	1091.43	0.770277	3696	0.2	0.570277	434.012	3469	3696	1	-1	-1	1.0855	-1	-1	-1	-1	-1
2018	12	147.651	0.770277	3863	0.2	0.570277	58.7143	3575	3863	1	-1	-1	-1	-1	-1	-1	-1	-1
2018	13	71.7114	0.770277	3864	0.2	0.570277	28.5164	3576	3864	1	-1	-1	-1	-1	-1	-1	-1	-1
2018	14	93.609	0.770277	4019	0.2	0.570277	37.2241	3674	4019	1	-1	-1	-1	-1	-1	-1	-1	-1
2019	1	66778.1	0.2	32	0.2	-1	-1	-1	-1	-1	-1	-1	31.061	104.331	-1	-1	-1	-1
2019	2	54673.3	0.20313	187	0.2	0.0031298	154.856	452	187	0.069	-1	-1	63.6134	106.338	-1	-1	-1	-1
2019	3	44609.8	0.291286	482	0.2	0.0912858	3532.77	863	482	0.313	-1	-1	67.0334	75.6003	-1	-1	-1	-1
2019	4	33098.8	0.445689	950	0.2	0.245689	6561.56	1372	950	0.627	-1	-1	48.2659	45.0774	-1	-1	-1	-1
2019	5	40854.5	0.62148	1683	0.2	0.42148	12824.2	2027	1683	0.834	-1	-1	56.2109	45.3255	-1	-1	-1	-1
2019	6	3694.07	0.692422	2248	0.2	0.492422	1312.58	2471	2248	0.897	-1	-1	4.70001	3.86625	-1	-1	-1	-1
2019	7	2248.99	0.721633	2702	0.2	0.521633	835.67	2801	2702	0.926	-1	-1	2.69179	2.04797	-1	-1	-1	-1
2019	8	1800.71	0.721633	3106	0.2	0.521633	669.1	3081	3106	0.942	-1	-1	2.05016	1.41894	-1	-1	-1	-1
2019	9	565.54	0.721633	3277	0.2	0.521633	210.141	3196	3277	1	-1	-1	0.567966	0.44564	-1	-1	-1	-1
2019	10	469.113	0.721633	3549	0.2	0.521633	174.311	3374	3549	1	-1	-1	0.471125	-1	-1	-1	-1	-1
2019	11	361.684	0.721633	3696	0.2	0.521633	134.393	3469	3696	1	-1	-1	0.363235	-1	-1	-1	-1	-1
2019	12	505.206	0.721633	3863	0.2	0.521633	187.722	3575	3863	1	-1	-1	-1	-1	-1	-1	-1	-1
2019	13	68.3456	0.721633	3864	0.2	0.521633	25.3956	3576	3864	1	-1	-1	-1	-1	-1	-1	-1	-1
2019	14	33.1941	0.721633	4019	0.2	0.521633	12.3341	3674	4019	1	-1	-1	-1	-1	-1	-1	-1	-1
